# File name { 
Normal1_1.txt
# } 
# Facial Landmarks [x,y] { 
840,1885,1
840,2219,2
840,2553,3
862,2858,4
978,3204,5
1162,3383,6
1461,3531,7
1751,3662,8
2093,3765,9
2427,3723,10
2724,3607,11
2983,3443,12
3202,3214,13
3344,2903,14
3409,2549,15
3409,2226,16
3377,1909,17
1031,1657,18
1243,1403,19
1442,1423,20
1670,1476,21
1838,1540,22
2344,1551,23
2552,1433,24
2792,1362,25
2967,1362,26
3132,1620,27
2093,1718,28
2093,1927,29
2093,2094,30
2093,2303,31
1843,2512,32
1968,2512,33
2093,2553,34
2219,2512,35
2344,2512,36
1369,1738,37
1467,1676,38
1634,1676,39
1751,1746,40
1634,1802,41
1467,1802,42
2459,1751,43
2553,1676,44
2720,1676,45
2845,1760,46
2720,1802,47
2594,1802,48
1598,2967,49
1801,2887,50
1963,2859,51
2048,2886,52
2158,2850,53
2316,2898,54
2553,2929,55
2366,2969,56
2219,3013,57
2056,3022,58
1926,3013,59
1801,3013,60
1717,2929,61
1968,2929,62
2093,2929,63
2219,2929,64
2469,2929,65
2219,2929,66
2093,2929,67
1968,2929,68
1473,2762,69
1571,2617,70
1647,2485,71
1779,2223,72
2678,2762,73
2581,2613,74
2508,2482,75
2398,2260,76
# } 
# Left iris [x,y,r] { 
2650
1714
104
# } 
# Right iris [x,y,r] { 
1553
1711
104
# } 
# Face bounding Box [top(x), left(y), width, height] { 
769
1292
3375
3898
# }